hit_point:(-2.09,-0.68,-0.27), lid_point(-3.00,-0.74,-0.83)
hit_point:(-2.06,-0.68,-0.27), lid_point(-3.00,-0.74,-0.85)
hit_point:(-2.03,-0.68,-0.26), lid_point(-3.00,-0.74,-0.87)
hit_point:(-2.00,-0.68,-0.26), lid_point(-3.00,-0.74,-0.89)
hit_point:(-1.97,-0.67,-0.26), lid_point(-3.00,-0.74,-0.91)
hit_point:(-1.94,-0.67,-0.26), lid_point(-3.00,-0.75,-0.93)
hit_point:(-2.12,-0.70,-0.28), lid_point(-3.00,-0.76,-0.83)
hit_point:(-2.09,-0.70,-0.28), lid_point(-3.00,-0.76,-0.85)
hit_point:(-2.06,-0.70,-0.28), lid_point(-3.00,-0.76,-0.87)
hit_point:(-2.03,-0.69,-0.28), lid_point(-3.00,-0.76,-0.89)
hit_point:(-1.99,-0.69,-0.28), lid_point(-3.00,-0.76,-0.91)
hit_point:(-1.96,-0.69,-0.28), lid_point(-3.00,-0.76,-0.93)
hit_point:(-1.93,-0.69,-0.28), lid_point(-3.00,-0.76,-0.95)
hit_point:(-1.90,-0.69,-0.27), lid_point(-3.00,-0.77,-0.97)
hit_point:(-1.87,-0.69,-0.27), lid_point(-3.00,-0.77,-0.99)
hit_point:(-1.84,-0.69,-0.27), lid_point(-3.00,-0.77,-1.01)
hit_point:(-1.81,-0.68,-0.27), lid_point(-3.00,-0.77,-1.03)
hit_point:(-1.77,-0.68,-0.27), lid_point(-3.00,-0.77,-1.06)
hit_point:(-1.74,-0.68,-0.27), lid_point(-3.00,-0.77,-1.08)
hit_point:(-1.71,-0.68,-0.27), lid_point(-3.00,-0.77,-1.10)
hit_point:(-1.68,-0.68,-0.27), lid_point(-3.00,-0.77,-1.12)
hit_point:(-1.65,-0.68,-0.26), lid_point(-3.00,-0.77,-1.14)
hit_point:(-1.62,-0.68,-0.26), lid_point(-3.00,-0.77,-1.16)
hit_point:(-1.59,-0.68,-0.26), lid_point(-3.00,-0.77,-1.18)
hit_point:(-1.56,-0.67,-0.26), lid_point(-3.00,-0.78,-1.20)
hit_point:(-2.15,-0.72,-0.30), lid_point(-3.00,-0.78,-0.83)
hit_point:(-2.12,-0.72,-0.30), lid_point(-3.00,-0.78,-0.85)
hit_point:(-2.09,-0.71,-0.30), lid_point(-3.00,-0.78,-0.87)
hit_point:(-2.05,-0.71,-0.30), lid_point(-3.00,-0.78,-0.89)
hit_point:(-2.02,-0.71,-0.30), lid_point(-3.00,-0.78,-0.91)
hit_point:(-1.99,-0.71,-0.30), lid_point(-3.00,-0.78,-0.93)
hit_point:(-1.96,-0.71,-0.29), lid_point(-3.00,-0.78,-0.95)
hit_point:(-1.93,-0.71,-0.29), lid_point(-3.00,-0.78,-0.97)
hit_point:(-1.90,-0.71,-0.29), lid_point(-3.00,-0.78,-0.99)
hit_point:(-1.86,-0.70,-0.29), lid_point(-3.00,-0.78,-1.01)
hit_point:(-1.83,-0.70,-0.29), lid_point(-3.00,-0.79,-1.03)
hit_point:(-1.80,-0.70,-0.29), lid_point(-3.00,-0.79,-1.06)
hit_point:(-1.77,-0.70,-0.29), lid_point(-3.00,-0.79,-1.08)
hit_point:(-1.74,-0.70,-0.28), lid_point(-3.00,-0.79,-1.10)
hit_point:(-1.71,-0.70,-0.28), lid_point(-3.00,-0.79,-1.12)
hit_point:(-1.68,-0.70,-0.28), lid_point(-3.00,-0.79,-1.14)
hit_point:(-1.65,-0.69,-0.28), lid_point(-3.00,-0.79,-1.16)
hit_point:(-1.62,-0.69,-0.28), lid_point(-3.00,-0.79,-1.18)
hit_point:(-1.59,-0.69,-0.28), lid_point(-3.00,-0.79,-1.20)
hit_point:(-1.56,-0.69,-0.28), lid_point(-3.00,-0.79,-1.22)
hit_point:(-1.53,-0.69,-0.27), lid_point(-3.00,-0.79,-1.24)
hit_point:(-1.50,-0.69,-0.27), lid_point(-3.00,-0.80,-1.27)
hit_point:(-1.47,-0.69,-0.27), lid_point(-3.00,-0.80,-1.29)
hit_point:(-1.44,-0.68,-0.27), lid_point(-3.00,-0.80,-1.31)
hit_point:(-1.41,-0.68,-0.27), lid_point(-3.00,-0.80,-1.33)
hit_point:(-1.38,-0.68,-0.27), lid_point(-3.00,-0.80,-1.35)
hit_point:(-1.35,-0.68,-0.27), lid_point(-3.00,-0.80,-1.37)
hit_point:(-1.32,-0.68,-0.27), lid_point(-3.00,-0.80,-1.39)
hit_point:(-1.29,-0.68,-0.26), lid_point(-3.00,-0.80,-1.42)
hit_point:(-1.26,-0.68,-0.26), lid_point(-3.00,-0.80,-1.44)
hit_point:(-1.24,-0.68,-0.26), lid_point(-3.00,-0.80,-1.46)
hit_point:(-1.21,-0.67,-0.26), lid_point(-3.00,-0.81,-1.48)
hit_point:(-2.18,-0.74,-0.32), lid_point(-3.00,-0.79,-0.83)
hit_point:(-2.15,-0.73,-0.32), lid_point(-3.00,-0.80,-0.85)
hit_point:(-2.12,-0.73,-0.32), lid_point(-3.00,-0.80,-0.87)
hit_point:(-2.08,-0.73,-0.32), lid_point(-3.00,-0.80,-0.89)
hit_point:(-2.05,-0.73,-0.32), lid_point(-3.00,-0.80,-0.91)
hit_point:(-2.02,-0.73,-0.31), lid_point(-3.00,-0.80,-0.93)
hit_point:(-1.99,-0.73,-0.31), lid_point(-3.00,-0.80,-0.95)
hit_point:(-1.96,-0.72,-0.31), lid_point(-3.00,-0.80,-0.97)
hit_point:(-1.92,-0.72,-0.31), lid_point(-3.00,-0.80,-0.99)
hit_point:(-1.89,-0.72,-0.31), lid_point(-3.00,-0.80,-1.01)
hit_point:(-1.86,-0.72,-0.31), lid_point(-3.00,-0.80,-1.03)
hit_point:(-1.83,-0.72,-0.30), lid_point(-3.00,-0.80,-1.06)
hit_point:(-1.80,-0.72,-0.30), lid_point(-3.00,-0.81,-1.08)
hit_point:(-1.77,-0.72,-0.30), lid_point(-3.00,-0.81,-1.10)
hit_point:(-1.74,-0.71,-0.30), lid_point(-3.00,-0.81,-1.12)
hit_point:(-1.71,-0.71,-0.30), lid_point(-3.00,-0.81,-1.14)
hit_point:(-1.68,-0.71,-0.30), lid_point(-3.00,-0.81,-1.16)
hit_point:(-1.64,-0.71,-0.30), lid_point(-3.00,-0.81,-1.18)
hit_point:(-1.61,-0.71,-0.29), lid_point(-3.00,-0.81,-1.20)
hit_point:(-1.58,-0.71,-0.29), lid_point(-3.00,-0.81,-1.22)
hit_point:(-1.55,-0.71,-0.29), lid_point(-3.00,-0.81,-1.24)
hit_point:(-1.52,-0.70,-0.29), lid_point(-3.00,-0.81,-1.27)
hit_point:(-1.49,-0.70,-0.29), lid_point(-3.00,-0.81,-1.29)
hit_point:(-1.46,-0.70,-0.29), lid_point(-3.00,-0.82,-1.31)
hit_point:(-1.43,-0.70,-0.29), lid_point(-3.00,-0.82,-1.33)
hit_point:(-1.41,-0.70,-0.29), lid_point(-3.00,-0.82,-1.35)
hit_point:(-1.38,-0.70,-0.28), lid_point(-3.00,-0.82,-1.37)
hit_point:(-1.35,-0.70,-0.28), lid_point(-3.00,-0.82,-1.39)
hit_point:(-1.32,-0.70,-0.28), lid_point(-3.00,-0.82,-1.42)
hit_point:(-1.29,-0.69,-0.28), lid_point(-3.00,-0.82,-1.44)
hit_point:(-1.26,-0.69,-0.28), lid_point(-3.00,-0.82,-1.46)
hit_point:(-1.23,-0.69,-0.28), lid_point(-3.00,-0.82,-1.48)
hit_point:(-1.20,-0.69,-0.28), lid_point(-3.00,-0.82,-1.50)
hit_point:(-1.17,-0.69,-0.27), lid_point(-3.00,-0.83,-1.52)
hit_point:(-1.15,-0.69,-0.27), lid_point(-3.00,-0.83,-1.55)
hit_point:(-2.22,-0.75,-0.34), lid_point(-3.00,-0.81,-0.83)
hit_point:(-2.18,-0.75,-0.34), lid_point(-3.00,-0.81,-0.85)
hit_point:(-2.15,-0.75,-0.34), lid_point(-3.00,-0.81,-0.87)
hit_point:(-2.12,-0.75,-0.34), lid_point(-3.00,-0.81,-0.89)
hit_point:(-2.08,-0.75,-0.34), lid_point(-3.00,-0.82,-0.91)
hit_point:(-2.05,-0.75,-0.33), lid_point(-3.00,-0.82,-0.93)
hit_point:(-2.02,-0.74,-0.33), lid_point(-3.00,-0.82,-0.95)
hit_point:(-1.99,-0.74,-0.33), lid_point(-3.00,-0.82,-0.97)
hit_point:(-1.96,-0.74,-0.33), lid_point(-3.00,-0.82,-0.99)
hit_point:(-1.92,-0.74,-0.33), lid_point(-3.00,-0.82,-1.01)
hit_point:(-1.89,-0.74,-0.33), lid_point(-3.00,-0.82,-1.03)
hit_point:(-1.86,-0.74,-0.32), lid_point(-3.00,-0.82,-1.06)
hit_point:(-1.83,-0.74,-0.32), lid_point(-3.00,-0.82,-1.08)
hit_point:(-1.80,-0.73,-0.32), lid_point(-3.00,-0.82,-1.10)
hit_point:(-1.77,-0.73,-0.32), lid_point(-3.00,-0.83,-1.12)
hit_point:(-1.73,-0.73,-0.32), lid_point(-3.00,-0.83,-1.14)
hit_point:(-1.70,-0.73,-0.32), lid_point(-3.00,-0.83,-1.16)
hit_point:(-1.67,-0.73,-0.31), lid_point(-3.00,-0.83,-1.18)
hit_point:(-1.64,-0.73,-0.31), lid_point(-3.00,-0.83,-1.20)
hit_point:(-1.61,-0.73,-0.31), lid_point(-3.00,-0.83,-1.22)
hit_point:(-1.58,-0.72,-0.31), lid_point(-3.00,-0.83,-1.24)
hit_point:(-1.55,-0.72,-0.31), lid_point(-3.00,-0.83,-1.27)
hit_point:(-1.52,-0.72,-0.31), lid_point(-3.00,-0.83,-1.29)
hit_point:(-1.49,-0.72,-0.31), lid_point(-3.00,-0.83,-1.31)
hit_point:(-1.46,-0.72,-0.30), lid_point(-3.00,-0.83,-1.33)
hit_point:(-1.43,-0.72,-0.30), lid_point(-3.00,-0.84,-1.35)
hit_point:(-1.40,-0.72,-0.30), lid_point(-3.00,-0.84,-1.37)
hit_point:(-1.37,-0.71,-0.30), lid_point(-3.00,-0.84,-1.39)
hit_point:(-1.34,-0.71,-0.30), lid_point(-3.00,-0.84,-1.42)
hit_point:(-1.31,-0.71,-0.30), lid_point(-3.00,-0.84,-1.44)
hit_point:(-1.28,-0.71,-0.30), lid_point(-3.00,-0.84,-1.46)
hit_point:(-1.26,-0.71,-0.29), lid_point(-3.00,-0.84,-1.48)
hit_point:(-1.23,-0.71,-0.29), lid_point(-3.00,-0.84,-1.50)
hit_point:(-1.20,-0.71,-0.29), lid_point(-3.00,-0.84,-1.52)
hit_point:(-2.25,-0.77,-0.37), lid_point(-3.00,-0.83,-0.83)
hit_point:(-2.22,-0.77,-0.36), lid_point(-3.00,-0.83,-0.85)
hit_point:(-2.19,-0.77,-0.36), lid_point(-3.00,-0.83,-0.87)
hit_point:(-2.15,-0.77,-0.36), lid_point(-3.00,-0.83,-0.89)
hit_point:(-2.12,-0.77,-0.36), lid_point(-3.00,-0.83,-0.91)
hit_point:(-2.09,-0.77,-0.36), lid_point(-3.00,-0.83,-0.93)
hit_point:(-2.05,-0.76,-0.35), lid_point(-3.00,-0.84,-0.95)
hit_point:(-2.02,-0.76,-0.35), lid_point(-3.00,-0.84,-0.97)
hit_point:(-1.99,-0.76,-0.35), lid_point(-3.00,-0.84,-0.99)
hit_point:(-1.96,-0.76,-0.35), lid_point(-3.00,-0.84,-1.01)
hit_point:(-1.92,-0.76,-0.35), lid_point(-3.00,-0.84,-1.03)
hit_point:(-1.89,-0.76,-0.35), lid_point(-3.00,-0.84,-1.06)
hit_point:(-1.86,-0.75,-0.34), lid_point(-3.00,-0.84,-1.08)
hit_point:(-1.83,-0.75,-0.34), lid_point(-3.00,-0.84,-1.10)
hit_point:(-1.80,-0.75,-0.34), lid_point(-3.00,-0.84,-1.12)
hit_point:(-1.77,-0.75,-0.34), lid_point(-3.00,-0.84,-1.14)
hit_point:(-1.73,-0.75,-0.34), lid_point(-3.00,-0.85,-1.16)
hit_point:(-1.70,-0.75,-0.33), lid_point(-3.00,-0.85,-1.18)
hit_point:(-1.67,-0.74,-0.33), lid_point(-3.00,-0.85,-1.20)
hit_point:(-1.64,-0.74,-0.33), lid_point(-3.00,-0.85,-1.22)
hit_point:(-1.61,-0.74,-0.33), lid_point(-3.00,-0.85,-1.24)
hit_point:(-1.58,-0.74,-0.33), lid_point(-3.00,-0.85,-1.27)
hit_point:(-1.55,-0.74,-0.33), lid_point(-3.00,-0.85,-1.29)
hit_point:(-1.52,-0.74,-0.32), lid_point(-3.00,-0.85,-1.31)
hit_point:(-1.49,-0.74,-0.32), lid_point(-3.00,-0.85,-1.33)
hit_point:(-1.46,-0.73,-0.32), lid_point(-3.00,-0.85,-1.35)
hit_point:(-1.43,-0.73,-0.32), lid_point(-3.00,-0.86,-1.37)
hit_point:(-1.40,-0.73,-0.32), lid_point(-3.00,-0.86,-1.39)
hit_point:(-1.37,-0.73,-0.32), lid_point(-3.00,-0.86,-1.42)
hit_point:(-1.34,-0.73,-0.32), lid_point(-3.00,-0.86,-1.44)
hit_point:(-1.31,-0.73,-0.31), lid_point(-3.00,-0.86,-1.46)
hit_point:(-1.28,-0.73,-0.31), lid_point(-3.00,-0.86,-1.48)
hit_point:(-1.25,-0.72,-0.31), lid_point(-3.00,-0.86,-1.50)
hit_point:(-2.29,-0.79,-0.39), lid_point(-3.00,-0.85,-0.83)
hit_point:(-2.26,-0.79,-0.39), lid_point(-3.00,-0.85,-0.85)
hit_point:(-2.22,-0.79,-0.39), lid_point(-3.00,-0.85,-0.87)
hit_point:(-2.19,-0.79,-0.38), lid_point(-3.00,-0.85,-0.89)
hit_point:(-2.16,-0.79,-0.38), lid_point(-3.00,-0.85,-0.91)
hit_point:(-2.12,-0.78,-0.38), lid_point(-3.00,-0.85,-0.93)
hit_point:(-2.09,-0.78,-0.38), lid_point(-3.00,-0.85,-0.95)
hit_point:(-2.06,-0.78,-0.38), lid_point(-3.00,-0.85,-0.97)
hit_point:(-2.02,-0.78,-0.37), lid_point(-3.00,-0.86,-0.99)
hit_point:(-1.99,-0.78,-0.37), lid_point(-3.00,-0.86,-1.01)
hit_point:(-1.96,-0.78,-0.37), lid_point(-3.00,-0.86,-1.03)
hit_point:(-1.93,-0.77,-0.37), lid_point(-3.00,-0.86,-1.06)
hit_point:(-1.90,-0.77,-0.37), lid_point(-3.00,-0.86,-1.08)
hit_point:(-1.86,-0.77,-0.36), lid_point(-3.00,-0.86,-1.10)
hit_point:(-1.83,-0.77,-0.36), lid_point(-3.00,-0.86,-1.12)
hit_point:(-1.80,-0.77,-0.36), lid_point(-3.00,-0.86,-1.14)
hit_point:(-1.77,-0.77,-0.36), lid_point(-3.00,-0.86,-1.16)
hit_point:(-1.74,-0.76,-0.36), lid_point(-3.00,-0.86,-1.18)
hit_point:(-1.70,-0.76,-0.35), lid_point(-3.00,-0.87,-1.20)
hit_point:(-1.67,-0.76,-0.35), lid_point(-3.00,-0.87,-1.22)
hit_point:(-1.64,-0.76,-0.35), lid_point(-3.00,-0.87,-1.24)
hit_point:(-1.61,-0.76,-0.35), lid_point(-3.00,-0.87,-1.27)
hit_point:(-1.58,-0.76,-0.35), lid_point(-3.00,-0.87,-1.29)
hit_point:(-1.55,-0.76,-0.34), lid_point(-3.00,-0.87,-1.31)
hit_point:(-1.52,-0.75,-0.34), lid_point(-3.00,-0.87,-1.33)
hit_point:(-1.49,-0.75,-0.34), lid_point(-3.00,-0.87,-1.35)
hit_point:(-1.46,-0.75,-0.34), lid_point(-3.00,-0.87,-1.37)
hit_point:(-1.43,-0.75,-0.34), lid_point(-3.00,-0.87,-1.39)
hit_point:(-1.40,-0.75,-0.34), lid_point(-3.00,-0.88,-1.42)
hit_point:(-1.37,-0.75,-0.33), lid_point(-3.00,-0.88,-1.44)
hit_point:(-1.34,-0.74,-0.33), lid_point(-3.00,-0.88,-1.46)
hit_point:(-4.99,-0.69,-0.27), lid_point(-5.00,-0.69,-0.28)
hit_point:(-4.95,-0.69,-0.27), lid_point(-5.00,-0.69,-0.30)
hit_point:(-4.90,-0.68,-0.27), lid_point(-5.00,-0.69,-0.32)
hit_point:(-4.86,-0.68,-0.27), lid_point(-5.00,-0.69,-0.34)
hit_point:(-4.81,-0.68,-0.27), lid_point(-5.00,-0.69,-0.36)
hit_point:(-4.77,-0.68,-0.27), lid_point(-5.00,-0.69,-0.38)
hit_point:(-2.34,-0.81,-0.42), lid_point(-3.00,-0.87,-0.83)
hit_point:(-4.73,-0.68,-0.26), lid_point(-5.00,-0.69,-0.40)
hit_point:(-4.68,-0.68,-0.26), lid_point(-5.00,-0.69,-0.42)
hit_point:(-4.64,-0.67,-0.26), lid_point(-5.00,-0.69,-0.44)
hit_point:(-4.85,-0.70,-0.29), lid_point(-5.00,-0.71,-0.36)
hit_point:(-4.81,-0.70,-0.29), lid_point(-5.00,-0.71,-0.38)
hit_point:(-4.77,-0.70,-0.28), lid_point(-5.00,-0.71,-0.40)
hit_point:(-4.72,-0.70,-0.28), lid_point(-5.00,-0.71,-0.42)
hit_point:(-4.68,-0.69,-0.28), lid_point(-5.00,-0.71,-0.44)
hit_point:(-4.64,-0.69,-0.28), lid_point(-5.00,-0.71,-0.46)
hit_point:(-4.59,-0.69,-0.28), lid_point(-5.00,-0.71,-0.48)
hit_point:(-4.55,-0.69,-0.28), lid_point(-5.00,-0.71,-0.50)
hit_point:(-4.51,-0.69,-0.27), lid_point(-5.00,-0.72,-0.52)
hit_point:(-4.47,-0.69,-0.27), lid_point(-5.00,-0.72,-0.54)
hit_point:(-4.42,-0.68,-0.27), lid_point(-5.00,-0.72,-0.56)
hit_point:(-4.38,-0.68,-0.27), lid_point(-5.00,-0.72,-0.58)
hit_point:(-4.34,-0.68,-0.27), lid_point(-5.00,-0.72,-0.60)
hit_point:(-4.30,-0.68,-0.27), lid_point(-5.00,-0.72,-0.62)
hit_point:(-4.26,-0.68,-0.27), lid_point(-5.00,-0.72,-0.64)
hit_point:(-4.22,-0.68,-0.26), lid_point(-5.00,-0.72,-0.67)
hit_point:(-4.18,-0.68,-0.26), lid_point(-5.00,-0.72,-0.69)
hit_point:(-4.14,-0.67,-0.26), lid_point(-5.00,-0.72,-0.71)
hit_point:(-4.38,-0.70,-0.29), lid_point(-5.00,-0.74,-0.60)
hit_point:(-4.34,-0.70,-0.29), lid_point(-5.00,-0.74,-0.62)
hit_point:(-4.30,-0.70,-0.29), lid_point(-5.00,-0.74,-0.64)
hit_point:(-4.25,-0.70,-0.28), lid_point(-5.00,-0.74,-0.67)
hit_point:(-4.21,-0.70,-0.28), lid_point(-5.00,-0.74,-0.69)
hit_point:(-4.17,-0.69,-0.28), lid_point(-5.00,-0.74,-0.71)
hit_point:(-4.13,-0.69,-0.28), lid_point(-5.00,-0.74,-0.73)
hit_point:(-4.09,-0.69,-0.28), lid_point(-5.00,-0.74,-0.75)
hit_point:(-4.05,-0.69,-0.28), lid_point(-5.00,-0.74,-0.77)
hit_point:(-4.01,-0.69,-0.27), lid_point(-5.00,-0.74,-0.79)
hit_point:(-3.97,-0.69,-0.27), lid_point(-5.00,-0.75,-0.81)
hit_point:(-3.93,-0.68,-0.27), lid_point(-5.00,-0.75,-0.83)
hit_point:(-3.89,-0.68,-0.27), lid_point(-5.00,-0.75,-0.86)
hit_point:(-3.85,-0.68,-0.27), lid_point(-5.00,-0.75,-0.88)
hit_point:(-3.81,-0.68,-0.27), lid_point(-5.00,-0.75,-0.90)
hit_point:(-3.77,-0.68,-0.27), lid_point(-5.00,-0.75,-0.92)
hit_point:(-3.73,-0.68,-0.26), lid_point(-5.00,-0.75,-0.94)
hit_point:(-3.69,-0.68,-0.26), lid_point(-5.00,-0.75,-0.96)
hit_point:(-3.66,-0.67,-0.26), lid_point(-5.00,-0.75,-0.98)
hit_point:(-2.30,-0.81,-0.42), lid_point(-3.00,-0.87,-0.85)
hit_point:(-2.27,-0.81,-0.41), lid_point(-3.00,-0.87,-0.87)
hit_point:(-2.23,-0.81,-0.41), lid_point(-3.00,-0.87,-0.89)
hit_point:(-2.20,-0.81,-0.41), lid_point(-3.00,-0.87,-0.91)
hit_point:(-2.16,-0.80,-0.41), lid_point(-3.00,-0.87,-0.93)
hit_point:(-2.13,-0.80,-0.40), lid_point(-3.00,-0.87,-0.95)
hit_point:(-2.10,-0.80,-0.40), lid_point(-3.00,-0.87,-0.97)
hit_point:(-2.06,-0.80,-0.40), lid_point(-3.00,-0.87,-0.99)
hit_point:(-2.03,-0.80,-0.40), lid_point(-3.00,-0.87,-1.01)
hit_point:(-2.00,-0.80,-0.39), lid_point(-3.00,-0.88,-1.03)
hit_point:(-1.96,-0.79,-0.39), lid_point(-3.00,-0.88,-1.06)
hit_point:(-1.93,-0.79,-0.39), lid_point(-3.00,-0.88,-1.08)
hit_point:(-1.90,-0.79,-0.39), lid_point(-3.00,-0.88,-1.10)
hit_point:(-1.87,-0.79,-0.39), lid_point(-3.00,-0.88,-1.12)
hit_point:(-1.84,-0.79,-0.38), lid_point(-3.00,-0.88,-1.14)
hit_point:(-1.80,-0.79,-0.38), lid_point(-3.00,-0.88,-1.16)
hit_point:(-1.77,-0.78,-0.38), lid_point(-3.00,-0.88,-1.18)
hit_point:(-1.74,-0.78,-0.38), lid_point(-3.00,-0.88,-1.20)
hit_point:(-1.71,-0.78,-0.37), lid_point(-3.00,-0.88,-1.22)
hit_point:(-1.68,-0.78,-0.37), lid_point(-3.00,-0.89,-1.24)
hit_point:(-1.65,-0.78,-0.37), lid_point(-3.00,-0.89,-1.27)
hit_point:(-1.61,-0.78,-0.37), lid_point(-3.00,-0.89,-1.29)
hit_point:(-1.58,-0.77,-0.37), lid_point(-3.00,-0.89,-1.31)
hit_point:(-1.55,-0.77,-0.36), lid_point(-3.00,-0.89,-1.33)
hit_point:(-1.52,-0.77,-0.36), lid_point(-3.00,-0.89,-1.35)
hit_point:(-1.49,-0.77,-0.36), lid_point(-3.00,-0.89,-1.37)
hit_point:(-1.46,-0.77,-0.36), lid_point(-3.00,-0.89,-1.39)
hit_point:(-1.43,-0.77,-0.36), lid_point(-3.00,-0.89,-1.42)
hit_point:(-1.40,-0.76,-0.36), lid_point(-3.00,-0.89,-1.44)
hit_point:(-3.93,-0.70,-0.29), lid_point(-5.00,-0.77,-0.86)
hit_point:(-3.89,-0.70,-0.29), lid_point(-5.00,-0.77,-0.88)
hit_point:(-3.85,-0.70,-0.29), lid_point(-5.00,-0.77,-0.90)
hit_point:(-3.81,-0.70,-0.28), lid_point(-5.00,-0.77,-0.92)
hit_point:(-3.77,-0.70,-0.28), lid_point(-5.00,-0.77,-0.94)
hit_point:(-3.73,-0.70,-0.28), lid_point(-5.00,-0.77,-0.96)
hit_point:(-3.69,-0.69,-0.28), lid_point(-5.00,-0.77,-0.98)
hit_point:(-3.65,-0.69,-0.28), lid_point(-5.00,-0.77,-1.00)
hit_point:(-3.61,-0.69,-0.28), lid_point(-5.00,-0.77,-1.03)
hit_point:(-3.58,-0.69,-0.28), lid_point(-5.00,-0.77,-1.05)
hit_point:(-3.54,-0.69,-0.27), lid_point(-5.00,-0.78,-1.07)
hit_point:(-3.50,-0.69,-0.27), lid_point(-5.00,-0.78,-1.09)
hit_point:(-3.46,-0.68,-0.27), lid_point(-5.00,-0.78,-1.11)
hit_point:(-3.42,-0.68,-0.27), lid_point(-5.00,-0.78,-1.13)
hit_point:(-3.39,-0.68,-0.27), lid_point(-5.00,-0.78,-1.16)
hit_point:(-3.35,-0.68,-0.27), lid_point(-5.00,-0.78,-1.18)
hit_point:(-3.31,-0.68,-0.27), lid_point(-5.00,-0.78,-1.20)
hit_point:(-3.28,-0.68,-0.26), lid_point(-5.00,-0.78,-1.22)
hit_point:(-3.24,-0.68,-0.26), lid_point(-5.00,-0.78,-1.24)
hit_point:(-3.20,-0.67,-0.26), lid_point(-5.00,-0.78,-1.27)
hit_point:(-3.17,-0.67,-0.26), lid_point(-5.00,-0.78,-1.29)
hit_point:(-2.38,-0.83,-0.45), lid_point(-3.00,-0.88,-0.83)
hit_point:(-2.35,-0.83,-0.44), lid_point(-3.00,-0.88,-0.85)
hit_point:(-2.31,-0.83,-0.44), lid_point(-3.00,-0.88,-0.87)
hit_point:(-2.28,-0.83,-0.44), lid_point(-3.00,-0.89,-0.89)
hit_point:(-2.24,-0.83,-0.44), lid_point(-3.00,-0.89,-0.91)
hit_point:(-2.21,-0.82,-0.43), lid_point(-3.00,-0.89,-0.93)
hit_point:(-2.17,-0.82,-0.43), lid_point(-3.00,-0.89,-0.95)
hit_point:(-2.14,-0.82,-0.43), lid_point(-3.00,-0.89,-0.97)
hit_point:(-2.11,-0.82,-0.43), lid_point(-3.00,-0.89,-0.99)
hit_point:(-2.07,-0.82,-0.42), lid_point(-3.00,-0.89,-1.01)
hit_point:(-2.04,-0.81,-0.42), lid_point(-3.00,-0.89,-1.03)
hit_point:(-2.01,-0.81,-0.42), lid_point(-3.00,-0.89,-1.06)
hit_point:(-1.97,-0.81,-0.42), lid_point(-3.00,-0.89,-1.08)
hit_point:(-1.94,-0.81,-0.41), lid_point(-3.00,-0.90,-1.10)
hit_point:(-1.91,-0.81,-0.41), lid_point(-3.00,-0.90,-1.12)
hit_point:(-1.87,-0.81,-0.41), lid_point(-3.00,-0.90,-1.14)
hit_point:(-1.84,-0.80,-0.41), lid_point(-3.00,-0.90,-1.16)
hit_point:(-1.81,-0.80,-0.40), lid_point(-3.00,-0.90,-1.18)
hit_point:(-1.78,-0.80,-0.40), lid_point(-3.00,-0.90,-1.20)
hit_point:(-1.75,-0.80,-0.40), lid_point(-3.00,-0.90,-1.22)
hit_point:(-1.71,-0.80,-0.40), lid_point(-3.00,-0.90,-1.24)
hit_point:(-1.68,-0.80,-0.39), lid_point(-3.00,-0.90,-1.27)
hit_point:(-1.65,-0.79,-0.39), lid_point(-3.00,-0.91,-1.29)
hit_point:(-1.62,-0.79,-0.39), lid_point(-3.00,-0.91,-1.31)
hit_point:(-1.59,-0.79,-0.39), lid_point(-3.00,-0.91,-1.33)
hit_point:(-1.56,-0.79,-0.39), lid_point(-3.00,-0.91,-1.35)
hit_point:(-1.53,-0.79,-0.38), lid_point(-3.00,-0.91,-1.37)
hit_point:(-1.49,-0.79,-0.38), lid_point(-3.00,-0.91,-1.39)
hit_point:(-3.50,-0.70,-0.29), lid_point(-5.00,-0.80,-1.11)
hit_point:(-3.46,-0.70,-0.29), lid_point(-5.00,-0.80,-1.13)
hit_point:(-3.42,-0.70,-0.29), lid_point(-5.00,-0.80,-1.16)
hit_point:(-3.38,-0.70,-0.29), lid_point(-5.00,-0.80,-1.18)
hit_point:(-3.35,-0.70,-0.28), lid_point(-5.00,-0.80,-1.20)
hit_point:(-3.31,-0.70,-0.28), lid_point(-5.00,-0.80,-1.22)
hit_point:(-3.27,-0.70,-0.28), lid_point(-5.00,-0.80,-1.24)
hit_point:(-3.23,-0.69,-0.28), lid_point(-5.00,-0.80,-1.27)
hit_point:(-3.20,-0.69,-0.28), lid_point(-5.00,-0.80,-1.29)
hit_point:(-3.16,-0.69,-0.28), lid_point(-5.00,-0.80,-1.31)
hit_point:(-3.12,-0.69,-0.28), lid_point(-5.00,-0.81,-1.33)
hit_point:(-3.09,-0.69,-0.27), lid_point(-5.00,-0.81,-1.36)
hit_point:(-3.05,-0.69,-0.27), lid_point(-5.00,-0.81,-1.38)
hit_point:(-3.02,-0.68,-0.27), lid_point(-5.00,-0.81,-1.40)
hit_point:(-2.74,-0.67,-0.26), lid_point(-3.00,-0.69,-0.42)
hit_point:(-2.44,-0.85,-0.48), lid_point(-3.00,-0.90,-0.83)
hit_point:(-2.40,-0.85,-0.48), lid_point(-3.00,-0.90,-0.85)
hit_point:(-2.36,-0.85,-0.47), lid_point(-3.00,-0.90,-0.87)
hit_point:(-2.33,-0.85,-0.47), lid_point(-3.00,-0.90,-0.89)
hit_point:(-2.29,-0.85,-0.47), lid_point(-3.00,-0.90,-0.91)
hit_point:(-2.26,-0.84,-0.46), lid_point(-3.00,-0.91,-0.93)
hit_point:(-2.22,-0.84,-0.46), lid_point(-3.00,-0.91,-0.95)
hit_point:(-2.19,-0.84,-0.46), lid_point(-3.00,-0.91,-0.97)
hit_point:(-2.15,-0.84,-0.46), lid_point(-3.00,-0.91,-0.99)
hit_point:(-2.12,-0.84,-0.45), lid_point(-3.00,-0.91,-1.01)
hit_point:(-2.09,-0.84,-0.45), lid_point(-3.00,-0.91,-1.03)
hit_point:(-2.05,-0.83,-0.45), lid_point(-3.00,-0.91,-1.06)
hit_point:(-2.02,-0.83,-0.44), lid_point(-3.00,-0.91,-1.08)
hit_point:(-1.98,-0.83,-0.44), lid_point(-3.00,-0.91,-1.10)
hit_point:(-1.95,-0.83,-0.44), lid_point(-3.00,-0.92,-1.12)
hit_point:(-1.92,-0.83,-0.44), lid_point(-3.00,-0.92,-1.14)
hit_point:(-1.88,-0.82,-0.43), lid_point(-3.00,-0.92,-1.16)
hit_point:(-1.85,-0.82,-0.43), lid_point(-3.00,-0.92,-1.18)
hit_point:(-1.82,-0.82,-0.43), lid_point(-3.00,-0.92,-1.20)
hit_point:(-1.79,-0.82,-0.43), lid_point(-3.00,-0.92,-1.22)
hit_point:(-1.75,-0.82,-0.42), lid_point(-3.00,-0.92,-1.24)
hit_point:(-1.72,-0.82,-0.42), lid_point(-3.00,-0.92,-1.27)
hit_point:(-1.69,-0.81,-0.42), lid_point(-3.00,-0.92,-1.29)
hit_point:(-1.66,-0.81,-0.42), lid_point(-3.00,-0.92,-1.31)
hit_point:(-1.63,-0.81,-0.41), lid_point(-3.00,-0.93,-1.33)
hit_point:(-1.59,-0.81,-0.41), lid_point(-3.00,-0.93,-1.35)
hit_point:(-1.56,-0.81,-0.41), lid_point(-3.00,-0.93,-1.37)
hit_point:(-3.09,-0.71,-0.29), lid_point(-5.00,-0.83,-1.38)
hit_point:(-3.05,-0.70,-0.29), lid_point(-5.00,-0.83,-1.40)
hit_point:(-3.01,-0.70,-0.29), lid_point(-5.00,-0.83,-1.42)
hit_point:(-2.80,-0.69,-0.28), lid_point(-3.00,-0.71,-0.40)
hit_point:(-2.77,-0.69,-0.28), lid_point(-3.00,-0.71,-0.42)
hit_point:(-2.73,-0.69,-0.28), lid_point(-3.00,-0.71,-0.43)
hit_point:(-2.70,-0.69,-0.28), lid_point(-3.00,-0.71,-0.45)
hit_point:(-2.66,-0.69,-0.27), lid_point(-3.00,-0.71,-0.47)
hit_point:(-2.63,-0.69,-0.27), lid_point(-3.00,-0.71,-0.49)
hit_point:(-2.59,-0.68,-0.27), lid_point(-3.00,-0.71,-0.51)
hit_point:(-2.56,-0.68,-0.27), lid_point(-3.00,-0.71,-0.53)
hit_point:(-2.53,-0.68,-0.27), lid_point(-3.00,-0.71,-0.55)
hit_point:(-2.49,-0.68,-0.27), lid_point(-3.00,-0.71,-0.57)
hit_point:(-2.46,-0.68,-0.27), lid_point(-3.00,-0.71,-0.59)
hit_point:(-2.42,-0.68,-0.26), lid_point(-3.00,-0.71,-0.61)
hit_point:(-2.39,-0.68,-0.26), lid_point(-3.00,-0.72,-0.63)
hit_point:(-2.36,-0.67,-0.26), lid_point(-3.00,-0.72,-0.65)
hit_point:(-2.33,-0.67,-0.26), lid_point(-3.00,-0.72,-0.67)
hit_point:(-2.50,-0.88,-0.52), lid_point(-3.00,-0.92,-0.83)
hit_point:(-2.46,-0.87,-0.51), lid_point(-3.00,-0.92,-0.85)
hit_point:(-2.42,-0.87,-0.51), lid_point(-3.00,-0.92,-0.87)
hit_point:(-2.39,-0.87,-0.51), lid_point(-3.00,-0.92,-0.89)
hit_point:(-2.35,-0.87,-0.50), lid_point(-3.00,-0.92,-0.91)
hit_point:(-2.31,-0.87,-0.50), lid_point(-3.00,-0.92,-0.93)
hit_point:(-2.28,-0.86,-0.50), lid_point(-3.00,-0.92,-0.95)
hit_point:(-2.24,-0.86,-0.49), lid_point(-3.00,-0.93,-0.97)
hit_point:(-2.21,-0.86,-0.49), lid_point(-3.00,-0.93,-0.99)
hit_point:(-2.17,-0.86,-0.49), lid_point(-3.00,-0.93,-1.01)
hit_point:(-2.14,-0.86,-0.48), lid_point(-3.00,-0.93,-1.03)
hit_point:(-2.10,-0.85,-0.48), lid_point(-3.00,-0.93,-1.06)
hit_point:(-2.07,-0.85,-0.48), lid_point(-3.00,-0.93,-1.08)
hit_point:(-2.03,-0.85,-0.47), lid_point(-3.00,-0.93,-1.10)
hit_point:(-2.00,-0.85,-0.47), lid_point(-3.00,-0.93,-1.12)
hit_point:(-1.96,-0.85,-0.47), lid_point(-3.00,-0.93,-1.14)
hit_point:(-1.93,-0.84,-0.46), lid_point(-3.00,-0.94,-1.16)
hit_point:(-1.90,-0.84,-0.46), lid_point(-3.00,-0.94,-1.18)
hit_point:(-1.86,-0.84,-0.46), lid_point(-3.00,-0.94,-1.20)
hit_point:(-1.83,-0.84,-0.46), lid_point(-3.00,-0.94,-1.22)
hit_point:(-1.80,-0.84,-0.45), lid_point(-3.00,-0.94,-1.24)
hit_point:(-1.76,-0.83,-0.45), lid_point(-3.00,-0.94,-1.27)
hit_point:(-1.73,-0.83,-0.45), lid_point(-3.00,-0.94,-1.29)
hit_point:(-1.70,-0.83,-0.44), lid_point(-3.00,-0.94,-1.31)
hit_point:(-1.67,-0.83,-0.44), lid_point(-3.00,-0.94,-1.33)
hit_point:(-2.87,-0.71,-0.30), lid_point(-3.00,-0.72,-0.38)
hit_point:(-2.83,-0.71,-0.30), lid_point(-3.00,-0.72,-0.40)
hit_point:(-2.80,-0.71,-0.30), lid_point(-3.00,-0.72,-0.42)
hit_point:(-2.76,-0.71,-0.30), lid_point(-3.00,-0.73,-0.43)
hit_point:(-2.73,-0.71,-0.29), lid_point(-3.00,-0.73,-0.45)
hit_point:(-2.69,-0.71,-0.29), lid_point(-3.00,-0.73,-0.47)
hit_point:(-2.66,-0.70,-0.29), lid_point(-3.00,-0.73,-0.49)
hit_point:(-2.62,-0.70,-0.29), lid_point(-3.00,-0.73,-0.51)
hit_point:(-2.59,-0.70,-0.29), lid_point(-3.00,-0.73,-0.53)
hit_point:(-2.56,-0.70,-0.29), lid_point(-3.00,-0.73,-0.55)
hit_point:(-2.52,-0.70,-0.28), lid_point(-3.00,-0.73,-0.57)
hit_point:(-2.49,-0.70,-0.28), lid_point(-3.00,-0.73,-0.59)
hit_point:(-2.45,-0.70,-0.28), lid_point(-3.00,-0.73,-0.61)
hit_point:(-2.42,-0.69,-0.28), lid_point(-3.00,-0.73,-0.63)
hit_point:(-2.39,-0.69,-0.28), lid_point(-3.00,-0.73,-0.65)
hit_point:(-2.57,-0.90,-0.56), lid_point(-3.00,-0.94,-0.83)
hit_point:(-2.35,-0.69,-0.28), lid_point(-3.00,-0.73,-0.67)
hit_point:(-2.32,-0.69,-0.28), lid_point(-3.00,-0.74,-0.69)
hit_point:(-2.53,-0.90,-0.56), lid_point(-3.00,-0.94,-0.85)
hit_point:(-2.29,-0.69,-0.28), lid_point(-3.00,-0.74,-0.71)
hit_point:(-2.49,-0.89,-0.55), lid_point(-3.00,-0.94,-0.87)
hit_point:(-2.26,-0.69,-0.27), lid_point(-3.00,-0.74,-0.73)
hit_point:(-2.45,-0.89,-0.55), lid_point(-3.00,-0.94,-0.89)
hit_point:(-2.22,-0.69,-0.27), lid_point(-3.00,-0.74,-0.75)
hit_point:(-2.42,-0.89,-0.54), lid_point(-3.00,-0.94,-0.91)
hit_point:(-2.19,-0.68,-0.27), lid_point(-3.00,-0.74,-0.77)
hit_point:(-2.38,-0.89,-0.54), lid_point(-3.00,-0.94,-0.93)
hit_point:(-2.16,-0.68,-0.27), lid_point(-3.00,-0.74,-0.79)
hit_point:(-2.34,-0.89,-0.54), lid_point(-3.00,-0.94,-0.95)
hit_point:(-2.13,-0.68,-0.27), lid_point(-3.00,-0.74,-0.81)
hit_point:(-2.30,-0.88,-0.53), lid_point(-3.00,-0.94,-0.97)
hit_point:(-2.27,-0.88,-0.53), lid_point(-3.00,-0.94,-0.99)
hit_point:(-2.23,-0.88,-0.52), lid_point(-3.00,-0.95,-1.01)
hit_point:(-2.20,-0.88,-0.52), lid_point(-3.00,-0.95,-1.03)
hit_point:(-2.16,-0.88,-0.52), lid_point(-3.00,-0.95,-1.06)
hit_point:(-2.12,-0.87,-0.51), lid_point(-3.00,-0.95,-1.08)
hit_point:(-2.09,-0.87,-0.51), lid_point(-3.00,-0.95,-1.10)
hit_point:(-2.05,-0.87,-0.51), lid_point(-3.00,-0.95,-1.12)
hit_point:(-2.02,-0.87,-0.50), lid_point(-3.00,-0.95,-1.14)
hit_point:(-1.98,-0.87,-0.50), lid_point(-3.00,-0.95,-1.16)
hit_point:(-1.95,-0.86,-0.49), lid_point(-3.00,-0.95,-1.18)
hit_point:(-1.91,-0.86,-0.49), lid_point(-3.00,-0.96,-1.20)
hit_point:(-1.88,-0.86,-0.49), lid_point(-3.00,-0.96,-1.22)
hit_point:(-1.85,-0.86,-0.48), lid_point(-3.00,-0.96,-1.24)
hit_point:(-1.81,-0.86,-0.48), lid_point(-3.00,-0.96,-1.27)
hit_point:(-2.97,-0.74,-0.32), lid_point(-3.00,-0.74,-0.34)
hit_point:(-2.94,-0.73,-0.32), lid_point(-3.00,-0.74,-0.36)
hit_point:(-2.90,-0.73,-0.32), lid_point(-3.00,-0.74,-0.38)
hit_point:(-2.87,-0.73,-0.32), lid_point(-3.00,-0.74,-0.40)
hit_point:(-2.83,-0.73,-0.32), lid_point(-3.00,-0.74,-0.42)
hit_point:(-2.66,-0.92,-0.62), lid_point(-3.00,-0.95,-0.83)
hit_point:(-2.80,-0.73,-0.32), lid_point(-3.00,-0.74,-0.43)
hit_point:(-2.62,-0.92,-0.61), lid_point(-3.00,-0.95,-0.85)
hit_point:(-2.76,-0.73,-0.31), lid_point(-3.00,-0.74,-0.45)
hit_point:(-2.57,-0.92,-0.60), lid_point(-3.00,-0.96,-0.87)
hit_point:(-2.73,-0.73,-0.31), lid_point(-3.00,-0.74,-0.47)
hit_point:(-2.53,-0.92,-0.60), lid_point(-3.00,-0.96,-0.89)
hit_point:(-2.69,-0.72,-0.31), lid_point(-3.00,-0.74,-0.49)
hit_point:(-2.49,-0.91,-0.59), lid_point(-3.00,-0.96,-0.91)
hit_point:(-2.66,-0.72,-0.31), lid_point(-3.00,-0.75,-0.51)
hit_point:(-2.45,-0.91,-0.59), lid_point(-3.00,-0.96,-0.93)
hit_point:(-2.62,-0.72,-0.31), lid_point(-3.00,-0.75,-0.53)
hit_point:(-2.42,-0.91,-0.58), lid_point(-3.00,-0.96,-0.95)
hit_point:(-2.59,-0.72,-0.31), lid_point(-3.00,-0.75,-0.55)
hit_point:(-2.38,-0.91,-0.58), lid_point(-3.00,-0.96,-0.97)
hit_point:(-2.55,-0.72,-0.30), lid_point(-3.00,-0.75,-0.57)
hit_point:(-2.34,-0.90,-0.57), lid_point(-3.00,-0.96,-0.99)
hit_point:(-2.52,-0.72,-0.30), lid_point(-3.00,-0.75,-0.59)
hit_point:(-2.30,-0.90,-0.57), lid_point(-3.00,-0.96,-1.01)
hit_point:(-2.48,-0.71,-0.30), lid_point(-3.00,-0.75,-0.61)
hit_point:(-2.26,-0.90,-0.56), lid_point(-3.00,-0.96,-1.03)
hit_point:(-2.23,-0.90,-0.56), lid_point(-3.00,-0.97,-1.06)
hit_point:(-2.19,-0.90,-0.55), lid_point(-3.00,-0.97,-1.08)
hit_point:(-2.15,-0.89,-0.55), lid_point(-3.00,-0.97,-1.10)
hit_point:(-2.12,-0.89,-0.55), lid_point(-3.00,-0.97,-1.12)
hit_point:(-2.08,-0.89,-0.54), lid_point(-3.00,-0.97,-1.14)
hit_point:(-2.04,-0.89,-0.54), lid_point(-3.00,-0.97,-1.16)
hit_point:(-2.01,-0.88,-0.53), lid_point(-3.00,-0.97,-1.18)
hit_point:(-1.97,-0.88,-0.53), lid_point(-3.00,-0.97,-1.20)
hit_point:(-1.94,-0.88,-0.53), lid_point(-3.00,-0.97,-1.22)
hit_point:(-2.45,-0.71,-0.30), lid_point(-3.00,-0.75,-0.63)
hit_point:(-2.42,-0.71,-0.30), lid_point(-3.00,-0.75,-0.65)
hit_point:(-2.38,-0.71,-0.30), lid_point(-3.00,-0.75,-0.67)
hit_point:(-2.35,-0.71,-0.29), lid_point(-3.00,-0.75,-0.69)
hit_point:(-2.32,-0.71,-0.29), lid_point(-3.00,-0.75,-0.71)
hit_point:(-2.28,-0.71,-0.29), lid_point(-3.00,-0.75,-0.73)
hit_point:(-2.25,-0.70,-0.29), lid_point(-3.00,-0.76,-0.75)
hit_point:(-2.22,-0.70,-0.29), lid_point(-3.00,-0.76,-0.77)
hit_point:(-2.19,-0.70,-0.29), lid_point(-3.00,-0.76,-0.79)
hit_point:(-2.15,-0.70,-0.29), lid_point(-3.00,-0.76,-0.81)
hit_point:(-2.78,-0.95,-0.69), lid_point(-3.00,-0.97,-0.83)
hit_point:(-2.73,-0.95,-0.68), lid_point(-3.00,-0.97,-0.85)
hit_point:(-2.69,-0.95,-0.67), lid_point(-3.00,-0.97,-0.87)
hit_point:(-2.64,-0.94,-0.67), lid_point(-3.00,-0.97,-0.89)
hit_point:(-2.60,-0.94,-0.66), lid_point(-3.00,-0.98,-0.91)
hit_point:(-2.55,-0.94,-0.65), lid_point(-3.00,-0.98,-0.93)
hit_point:(-2.51,-0.93,-0.64), lid_point(-3.00,-0.98,-0.95)
hit_point:(-2.47,-0.93,-0.64), lid_point(-3.00,-0.98,-0.97)
hit_point:(-2.43,-0.93,-0.63), lid_point(-3.00,-0.98,-0.99)
hit_point:(-2.39,-0.93,-0.62), lid_point(-3.00,-0.98,-1.01)
hit_point:(-2.35,-0.92,-0.62), lid_point(-3.00,-0.98,-1.03)
hit_point:(-2.31,-0.92,-0.61), lid_point(-3.00,-0.98,-1.06)
hit_point:(-2.27,-0.92,-0.61), lid_point(-3.00,-0.98,-1.08)
hit_point:(-2.23,-0.92,-0.60), lid_point(-3.00,-0.99,-1.10)
hit_point:(-2.19,-0.91,-0.59), lid_point(-3.00,-0.99,-1.12)
hit_point:(-2.15,-0.91,-0.59), lid_point(-3.00,-0.99,-1.14)
hit_point:(-2.98,-0.75,-0.34), lid_point(-3.00,-0.76,-0.36)
hit_point:(-2.94,-0.75,-0.34), lid_point(-3.00,-0.76,-0.38)
hit_point:(-2.90,-0.75,-0.34), lid_point(-3.00,-0.76,-0.40)
hit_point:(-2.87,-0.75,-0.34), lid_point(-3.00,-0.76,-0.42)
hit_point:(-2.83,-0.75,-0.34), lid_point(-3.00,-0.76,-0.43)
hit_point:(-2.80,-0.75,-0.33), lid_point(-3.00,-0.76,-0.45)
hit_point:(-2.76,-0.74,-0.33), lid_point(-3.00,-0.76,-0.47)
hit_point:(-2.73,-0.74,-0.33), lid_point(-3.00,-0.76,-0.49)
hit_point:(-2.69,-0.74,-0.33), lid_point(-3.00,-0.76,-0.51)
hit_point:(-2.66,-0.74,-0.33), lid_point(-3.00,-0.76,-0.53)
hit_point:(-2.62,-0.74,-0.33), lid_point(-3.00,-0.76,-0.55)
hit_point:(-2.59,-0.74,-0.32), lid_point(-3.00,-0.77,-0.57)
hit_point:(-2.55,-0.74,-0.32), lid_point(-3.00,-0.77,-0.59)
hit_point:(-2.52,-0.73,-0.32), lid_point(-3.00,-0.77,-0.61)
hit_point:(-2.48,-0.73,-0.32), lid_point(-3.00,-0.77,-0.63)
hit_point:(-2.45,-0.73,-0.32), lid_point(-3.00,-0.77,-0.65)
hit_point:(-2.42,-0.73,-0.32), lid_point(-3.00,-0.77,-0.67)
hit_point:(-2.38,-0.73,-0.31), lid_point(-3.00,-0.77,-0.69)
hit_point:(-2.35,-0.73,-0.31), lid_point(-3.00,-0.77,-0.71)
hit_point:(-2.32,-0.72,-0.31), lid_point(-3.00,-0.77,-0.73)
hit_point:(-2.28,-0.72,-0.31), lid_point(-3.00,-0.77,-0.75)
hit_point:(-2.25,-0.72,-0.31), lid_point(-3.00,-0.77,-0.77)
hit_point:(-2.92,-0.98,-0.82), lid_point(-3.00,-0.99,-0.87)
hit_point:(-2.22,-0.72,-0.31), lid_point(-3.00,-0.78,-0.79)
hit_point:(-2.84,-0.98,-0.79), lid_point(-3.00,-0.99,-0.89)
hit_point:(-2.18,-0.72,-0.30), lid_point(-3.00,-0.78,-0.81)
hit_point:(-2.77,-0.97,-0.77), lid_point(-3.00,-0.99,-0.91)
hit_point:(-2.71,-0.97,-0.75), lid_point(-3.00,-0.99,-0.93)
hit_point:(-2.66,-0.96,-0.74), lid_point(-3.00,-1.00,-0.95)
hit_point:(-2.61,-0.96,-0.72), lid_point(-3.00,-1.00,-0.97)
hit_point:(-2.56,-0.96,-0.71), lid_point(-3.00,-1.00,-0.99)
hit_point:(-2.51,-0.95,-0.70), lid_point(-3.00,-1.00,-1.01)
hit_point:(-2.98,-0.77,-0.37), lid_point(-3.00,-0.77,-0.38)
hit_point:(-2.94,-0.77,-0.36), lid_point(-3.00,-0.78,-0.40)
hit_point:(-2.91,-0.77,-0.36), lid_point(-3.00,-0.78,-0.42)
hit_point:(-2.87,-0.77,-0.36), lid_point(-3.00,-0.78,-0.43)
hit_point:(-2.84,-0.77,-0.36), lid_point(-3.00,-0.78,-0.45)
hit_point:(-2.80,-0.76,-0.36), lid_point(-3.00,-0.78,-0.47)
hit_point:(-2.76,-0.76,-0.35), lid_point(-3.00,-0.78,-0.49)
hit_point:(-2.73,-0.76,-0.35), lid_point(-3.00,-0.78,-0.51)
hit_point:(-2.69,-0.76,-0.35), lid_point(-3.00,-0.78,-0.53)
hit_point:(-2.66,-0.76,-0.35), lid_point(-3.00,-0.78,-0.55)
hit_point:(-2.62,-0.76,-0.35), lid_point(-3.00,-0.78,-0.57)
hit_point:(-2.59,-0.75,-0.34), lid_point(-3.00,-0.78,-0.59)
hit_point:(-2.55,-0.75,-0.34), lid_point(-3.00,-0.78,-0.61)
hit_point:(-2.52,-0.75,-0.34), lid_point(-3.00,-0.79,-0.63)
hit_point:(-2.48,-0.75,-0.34), lid_point(-3.00,-0.79,-0.65)
hit_point:(-2.45,-0.75,-0.34), lid_point(-3.00,-0.79,-0.67)
hit_point:(-2.42,-0.75,-0.33), lid_point(-3.00,-0.79,-0.69)
hit_point:(-2.38,-0.74,-0.33), lid_point(-3.00,-0.79,-0.71)
hit_point:(-2.35,-0.74,-0.33), lid_point(-3.00,-0.79,-0.73)
hit_point:(-2.32,-0.74,-0.33), lid_point(-3.00,-0.79,-0.75)
hit_point:(-2.28,-0.74,-0.33), lid_point(-3.00,-0.79,-0.77)
hit_point:(-2.25,-0.74,-0.33), lid_point(-3.00,-0.79,-0.79)
hit_point:(-2.22,-0.74,-0.32), lid_point(-3.00,-0.79,-0.81)
hit_point:(-2.99,-0.79,-0.39), lid_point(-3.00,-0.79,-0.40)
hit_point:(-2.95,-0.79,-0.39), lid_point(-3.00,-0.79,-0.42)
hit_point:(-2.91,-0.79,-0.38), lid_point(-3.00,-0.79,-0.43)
hit_point:(-2.88,-0.79,-0.38), lid_point(-3.00,-0.80,-0.45)
hit_point:(-2.84,-0.78,-0.38), lid_point(-3.00,-0.80,-0.47)
hit_point:(-2.81,-0.78,-0.38), lid_point(-3.00,-0.80,-0.49)
hit_point:(-2.77,-0.78,-0.38), lid_point(-3.00,-0.80,-0.51)
hit_point:(-2.73,-0.78,-0.37), lid_point(-3.00,-0.80,-0.53)
hit_point:(-2.70,-0.78,-0.37), lid_point(-3.00,-0.80,-0.55)
hit_point:(-2.66,-0.78,-0.37), lid_point(-3.00,-0.80,-0.57)
hit_point:(-2.63,-0.77,-0.37), lid_point(-3.00,-0.80,-0.59)
hit_point:(-2.59,-0.77,-0.36), lid_point(-3.00,-0.80,-0.61)
hit_point:(-2.56,-0.77,-0.36), lid_point(-3.00,-0.80,-0.63)
hit_point:(-2.52,-0.77,-0.36), lid_point(-3.00,-0.80,-0.65)
hit_point:(-2.49,-0.77,-0.36), lid_point(-3.00,-0.80,-0.67)
hit_point:(-2.45,-0.77,-0.36), lid_point(-3.00,-0.81,-0.69)
hit_point:(-2.42,-0.76,-0.35), lid_point(-3.00,-0.81,-0.71)
hit_point:(-2.38,-0.76,-0.35), lid_point(-3.00,-0.81,-0.73)
hit_point:(-2.35,-0.76,-0.35), lid_point(-3.00,-0.81,-0.75)
hit_point:(-2.32,-0.76,-0.35), lid_point(-3.00,-0.81,-0.77)
hit_point:(-2.28,-0.76,-0.35), lid_point(-3.00,-0.81,-0.79)
hit_point:(-2.25,-0.76,-0.35), lid_point(-3.00,-0.81,-0.81)
hit_point:(-3.00,-0.81,-0.41), lid_point(-3.00,-0.81,-0.42)
hit_point:(-2.96,-0.81,-0.41), lid_point(-3.00,-0.81,-0.43)
hit_point:(-2.92,-0.81,-0.41), lid_point(-3.00,-0.81,-0.45)
hit_point:(-2.89,-0.80,-0.41), lid_point(-3.00,-0.81,-0.47)
hit_point:(-2.85,-0.80,-0.40), lid_point(-3.00,-0.81,-0.49)
hit_point:(-2.81,-0.80,-0.40), lid_point(-3.00,-0.82,-0.51)
hit_point:(-2.78,-0.80,-0.40), lid_point(-3.00,-0.82,-0.53)
hit_point:(-2.74,-0.80,-0.40), lid_point(-3.00,-0.82,-0.55)
hit_point:(-2.70,-0.80,-0.39), lid_point(-3.00,-0.82,-0.57)
hit_point:(-2.67,-0.79,-0.39), lid_point(-3.00,-0.82,-0.59)
hit_point:(-2.63,-0.79,-0.39), lid_point(-3.00,-0.82,-0.61)
hit_point:(-2.60,-0.79,-0.39), lid_point(-3.00,-0.82,-0.63)
hit_point:(-2.56,-0.79,-0.39), lid_point(-3.00,-0.82,-0.65)
hit_point:(-2.53,-0.79,-0.38), lid_point(-3.00,-0.82,-0.67)
hit_point:(-2.49,-0.79,-0.38), lid_point(-3.00,-0.82,-0.69)
hit_point:(-2.46,-0.78,-0.38), lid_point(-3.00,-0.82,-0.71)
hit_point:(-2.42,-0.78,-0.38), lid_point(-3.00,-0.83,-0.73)
hit_point:(-2.39,-0.78,-0.37), lid_point(-3.00,-0.83,-0.75)
hit_point:(-2.35,-0.78,-0.37), lid_point(-3.00,-0.83,-0.77)
hit_point:(-2.32,-0.78,-0.37), lid_point(-3.00,-0.83,-0.79)
hit_point:(-2.29,-0.78,-0.37), lid_point(-3.00,-0.83,-0.81)
hit_point:(-2.97,-0.83,-0.44), lid_point(-3.00,-0.83,-0.45)
hit_point:(-2.94,-0.83,-0.44), lid_point(-3.00,-0.83,-0.47)
hit_point:(-2.90,-0.82,-0.43), lid_point(-3.00,-0.83,-0.49)
hit_point:(-2.86,-0.82,-0.43), lid_point(-3.00,-0.83,-0.51)
hit_point:(-2.83,-0.82,-0.43), lid_point(-3.00,-0.83,-0.53)
hit_point:(-2.79,-0.82,-0.43), lid_point(-3.00,-0.83,-0.55)
hit_point:(-2.75,-0.82,-0.42), lid_point(-3.00,-0.84,-0.57)
hit_point:(-2.72,-0.81,-0.42), lid_point(-3.00,-0.84,-0.59)
hit_point:(-2.68,-0.81,-0.42), lid_point(-3.00,-0.84,-0.61)
hit_point:(-2.64,-0.81,-0.41), lid_point(-3.00,-0.84,-0.63)
hit_point:(-2.61,-0.81,-0.41), lid_point(-3.00,-0.84,-0.65)
hit_point:(-2.57,-0.81,-0.41), lid_point(-3.00,-0.84,-0.67)
hit_point:(-2.54,-0.81,-0.41), lid_point(-3.00,-0.84,-0.69)
hit_point:(-2.50,-0.80,-0.40), lid_point(-3.00,-0.84,-0.71)
hit_point:(-2.47,-0.80,-0.40), lid_point(-3.00,-0.84,-0.73)
hit_point:(-2.43,-0.80,-0.40), lid_point(-3.00,-0.84,-0.75)
hit_point:(-2.40,-0.80,-0.40), lid_point(-3.00,-0.84,-0.77)
hit_point:(-2.36,-0.80,-0.40), lid_point(-3.00,-0.85,-0.79)
hit_point:(-2.33,-0.79,-0.39), lid_point(-3.00,-0.85,-0.81)
hit_point:(-2.99,-0.85,-0.47), lid_point(-3.00,-0.85,-0.47)
hit_point:(-2.95,-0.85,-0.47), lid_point(-3.00,-0.85,-0.49)
hit_point:(-2.92,-0.84,-0.46), lid_point(-3.00,-0.85,-0.51)
hit_point:(-2.88,-0.84,-0.46), lid_point(-3.00,-0.85,-0.53)
hit_point:(-2.84,-0.84,-0.46), lid_point(-3.00,-0.85,-0.55)
hit_point:(-2.80,-0.84,-0.45), lid_point(-3.00,-0.85,-0.57)
hit_point:(-2.77,-0.84,-0.45), lid_point(-3.00,-0.85,-0.59)
hit_point:(-2.73,-0.83,-0.45), lid_point(-3.00,-0.85,-0.61)
hit_point:(-2.69,-0.83,-0.44), lid_point(-3.00,-0.86,-0.63)
hit_point:(-2.66,-0.83,-0.44), lid_point(-3.00,-0.86,-0.65)
hit_point:(-2.62,-0.83,-0.44), lid_point(-3.00,-0.86,-0.67)
hit_point:(-2.58,-0.83,-0.44), lid_point(-3.00,-0.86,-0.69)
hit_point:(-2.55,-0.82,-0.43), lid_point(-3.00,-0.86,-0.71)
hit_point:(-2.51,-0.82,-0.43), lid_point(-3.00,-0.86,-0.73)
hit_point:(-2.48,-0.82,-0.43), lid_point(-3.00,-0.86,-0.75)
hit_point:(-2.44,-0.82,-0.43), lid_point(-3.00,-0.86,-0.77)
hit_point:(-2.41,-0.82,-0.42), lid_point(-3.00,-0.86,-0.79)
hit_point:(-2.37,-0.81,-0.42), lid_point(-3.00,-0.86,-0.81)
hit_point:(-2.98,-0.87,-0.50), lid_point(-3.00,-0.87,-0.51)
hit_point:(-2.94,-0.86,-0.50), lid_point(-3.00,-0.87,-0.53)
hit_point:(-2.90,-0.86,-0.49), lid_point(-3.00,-0.87,-0.55)
hit_point:(-2.86,-0.86,-0.49), lid_point(-3.00,-0.87,-0.57)
hit_point:(-2.82,-0.86,-0.48), lid_point(-3.00,-0.87,-0.59)
hit_point:(-2.79,-0.85,-0.48), lid_point(-3.00,-0.87,-0.61)
hit_point:(-2.75,-0.85,-0.48), lid_point(-3.00,-0.87,-0.63)
hit_point:(-2.71,-0.85,-0.47), lid_point(-3.00,-0.87,-0.65)
hit_point:(-2.67,-0.85,-0.47), lid_point(-3.00,-0.87,-0.67)
hit_point:(-2.64,-0.85,-0.47), lid_point(-3.00,-0.88,-0.69)
hit_point:(-2.60,-0.84,-0.47), lid_point(-3.00,-0.88,-0.71)
hit_point:(-2.56,-0.84,-0.46), lid_point(-3.00,-0.88,-0.73)
hit_point:(-2.53,-0.84,-0.46), lid_point(-3.00,-0.88,-0.75)
hit_point:(-2.49,-0.84,-0.46), lid_point(-3.00,-0.88,-0.77)
hit_point:(-2.45,-0.84,-0.45), lid_point(-3.00,-0.88,-0.79)
hit_point:(-2.42,-0.84,-0.45), lid_point(-3.00,-0.88,-0.81)
hit_point:(-2.97,-0.88,-0.53), lid_point(-3.00,-0.89,-0.55)
hit_point:(-2.93,-0.88,-0.53), lid_point(-3.00,-0.89,-0.57)
hit_point:(-2.89,-0.88,-0.52), lid_point(-3.00,-0.89,-0.59)
hit_point:(-2.85,-0.88,-0.52), lid_point(-3.00,-0.89,-0.61)
hit_point:(-2.81,-0.88,-0.52), lid_point(-3.00,-0.89,-0.63)
hit_point:(-2.77,-0.87,-0.51), lid_point(-3.00,-0.89,-0.65)
hit_point:(-2.73,-0.87,-0.51), lid_point(-3.00,-0.89,-0.67)
hit_point:(-2.70,-0.87,-0.50), lid_point(-3.00,-0.89,-0.69)
hit_point:(-2.66,-0.87,-0.50), lid_point(-3.00,-0.89,-0.71)
hit_point:(-2.62,-0.86,-0.50), lid_point(-3.00,-0.90,-0.73)
hit_point:(-2.58,-0.86,-0.49), lid_point(-3.00,-0.90,-0.75)
hit_point:(-2.55,-0.86,-0.49), lid_point(-3.00,-0.90,-0.77)
hit_point:(-2.51,-0.86,-0.49), lid_point(-3.00,-0.90,-0.79)
hit_point:(-2.47,-0.86,-0.48), lid_point(-3.00,-0.90,-0.81)
hit_point:(-2.97,-0.90,-0.57), lid_point(-3.00,-0.91,-0.59)
hit_point:(-2.93,-0.90,-0.57), lid_point(-3.00,-0.91,-0.61)
hit_point:(-2.88,-0.90,-0.56), lid_point(-3.00,-0.91,-0.63)
hit_point:(-2.84,-0.90,-0.56), lid_point(-3.00,-0.91,-0.65)
hit_point:(-2.80,-0.89,-0.55), lid_point(-3.00,-0.91,-0.67)
hit_point:(-2.77,-0.89,-0.55), lid_point(-3.00,-0.91,-0.69)
hit_point:(-2.73,-0.89,-0.54), lid_point(-3.00,-0.91,-0.71)
hit_point:(-2.69,-0.89,-0.54), lid_point(-3.00,-0.91,-0.73)
hit_point:(-2.65,-0.88,-0.53), lid_point(-3.00,-0.91,-0.75)
hit_point:(-2.61,-0.88,-0.53), lid_point(-3.00,-0.92,-0.77)
hit_point:(-2.57,-0.88,-0.53), lid_point(-3.00,-0.92,-0.79)
hit_point:(-2.53,-0.88,-0.52), lid_point